#Companies are listed in decreasing order of the number of missing values in their life span
#<company>	<T1>	<T2>	<#observed in [T1, T2]>	<#missing in [T1, T2]>
150      1   8010   2982   5028
49      1   6734   2416   4318
364      1   7986   4737   3249
328      1   8769   6026   2743
298      1   9335   6762   2573
196      1   9185   7100   2085
607      1   8830   6969   1861
223      1   5376   3523   1853
380      1   9335   7557   1778
212      1   9335   7826   1509
402      1   5412   4034   1378
285      1   7546   6212   1334
506      1   5915   4685   1230
104      1   9335   8140   1195
706   4032   9335   4126   1178
34   2770   9335   5394   1172
574      1   5447   4331   1116
631   2869   8256   4426    962
171      1   9335   8417    918
26   2713   9335   5712    911
703   4010   9335   4418    908
371      1   5198   4331    867
151      1   9335   8471    864
439      1   9335   8612    723
187      1   9335   8620    715
814   5177   9335   3481    678
866   2428   7670   4599    644
540      1   9335   8756    579
820   5240   9335   3550    546
114      1   6305   5826    479
747   4414   8708   3828    467
903   6192   9335   2677    467
728   4172   6314   1679    464
900   6171   9335   2708    457
244      1   6069   5614    455
77   6031   9335   2942    363
84      1   9335   8988    347
885   5950   8129   1834    346
545      1   9335   9019    316
598      1   9335   9024    311
341      1   7251   6949    302
61   3074   9335   6004    258
30   2738   8399   5420    242
899   6137   9189   2828    225
744   4367   9335   4745    224
400      1   5390   5200    190
12   2616   6400   3609    176
426      1   6478   6319    159
584      1   6726   6573    153
178      1   9335   9247     88
157    201   9335   9059     76
334      1   9335   9261     74
784   4855   9335   4417     64
343      1   9335   9286     49
37   1239   6710   5436     36
592    541   9335   8759     36
289      1   6317   6284     33
368      1   3643   3618     25
376   1211   8387   7153     24
43      1   3145   3127     18
80   1809   7507   5681     18
189      1   3701   3683     18
155      1   2762   2750     12
461      1   2935   2923     12
176      1   9335   9324     11
523      1   8475   8465     10
326      1   5180   5171      9
460      1   7623   7614      9
561     29   9335   9298      9
567      1   9335   9326      9
454      1   8293   8285      8
599   1365   3405   2033      8
615   2625   9335   6703      8
733   2399   4740   2334      8
4      1    592    585      7
271      1   1749   1742      7
432      1   9335   9328      7
24   2683   6670   3982      6
322      1   7967   7961      6
362      1   5228   5222      6
431      1   6016   6010      6
367      1   9335   9330      5
483      1   5738   5733      5
661    976   2900   1920      5
140      1   4515   4511      4
152      1   9335   9331      4
294      1   5342   5338      4
381      1   6337   6333      4
428      1   5933   5929      4
504      1   9335   9331      4
542      1   5747   5743      4
548    663   6170   5504      4
569    112   8264   8149      4
575      1   9335   9331      4
579      1   7300   7296      4
941   7269   8673   1401      4
119      1    761    758      3
174      1   6617   6614      3
199      1   1925   1922      3
203      1   4854   4851      3
340      1   9335   9332      3
496   1535   2120    583      3
498      1   9335   9332      3
511      1   5181   5178      3
573   1347   9335   7986      3
690      1   9335   9332      3
710   4060   9335   5273      3
817   1811   3340   1527      3
8      1   9335   9333      2
19      1   7546   7544      2
27      1   1790   1788      2
36   2782   7166   4383      2
48      1   2235   2233      2
67      1   9335   9333      2
71      1   8432   8430      2
100      1   6201   6199      2
163      1   9335   9333      2
179      1   1192   1190      2
182      1   2056   2054      2
190    118   9335   9216      2
254      1   7569   7567      2
297      1   4715   4713      2
299      1   7181   7179      2
342      1   5711   5709      2
345      1   9335   9333      2
350      1   6363   6361      2
356      1   9335   9333      2
375      1   9335   9333      2
387    118   9335   9216      2
410      1   9335   9333      2
437      1   9335   9333      2
457      1   7720   7718      2
469      1   9335   9333      2
473      1   9335   9333      2
482      1   8610   8608      2
524      1   2001   1999      2
538      1   9335   9333      2
576    654   3462   2807      2
582   1651   6177   4525      2
610   2540   9335   6794      2
627    495   5477   4981      2
698   3972   9335   5362      2
20      1   2049   2048      1
21      1    261    260      1
29      1   6677   6676      1
32      1   9335   9334      1
65   1826   7037   5211      1
66      1   5477   5476      1
74      1   5938   5937      1
82      1    651    650      1
83      1   9335   9334      1
87      1   2246   2245      1
109      1   9335   9334      1
113      1   2148   2147      1
126      1   6509   6508      1
132      1   9335   9334      1
137      1   9335   9334      1
158      1   9335   9334      1
161      1   5043   5042      1
177      1   9335   9334      1
197      1   3111   3110      1
200      1   9335   9334      1
206      1   2756   2755      1
210      1   9335   9334      1
215      1   2904   2903      1
217      1   2775   2774      1
243      1   9335   9334      1
245      1   6574   6573      1
246   1918   7648   5730      1
250      1   7789   7788      1
256      1   6713   6712      1
258      1   9335   9334      1
276      1   4913   4912      1
277      1   9335   9334      1
278      1   9335   9334      1
282      1   7928   7927      1
308      1   9335   9334      1
312      1   9335   9334      1
332      1   9335   9334      1
353   1323   9335   8012      1
355      1   9335   9334      1
359      1   5138   5137      1
366      1   5971   5970      1
374      1   9335   9334      1
383      1   9335   9334      1
389      1   1499   1498      1
399      1   8047   8046      1
401      1   2556   2555      1
405      1   8922   8921      1
418      1   9335   9334      1
446      1   3610   3609      1
450      1   9335   9334      1
459      1   9335   9334      1
484      1   1249   1248      1
487      1   9335   9334      1
490      1   9335   9334      1
491      1   9335   9334      1
495      1   9335   9334      1
499      1   9335   9334      1
509      1   8714   8713      1
510      1   9335   9334      1
519   1225   4848   3623      1
527      1   9335   9334      1
528      1   7490   7489      1
536      1   9335   9334      1
539      1   9335   9334      1
543    157   5490   5333      1
547      1   3559   3558      1
562   1128   2585   1457      1
566   1052   8575   7523      1
583   1770   9335   7565      1
587   1756   9335   7579      1
596   2056   6192   4136      1
600      1   9335   9334      1
601   1872   8833   6961      1
613   2621   5303   2682      1
614      1   9335   9334      1
617   1449   6292   4843      1
624   2823   6143   3320      1
630      1   9335   9334      1
633   2892   9335   6443      1
640   3121   9335   6214      1
645   3242   5971   2729      1
676   3631   9335   5704      1
694   3934   9335   5401      1
702   4000   9335   5335      1
718   4143   9335   5192      1
734   4311   9335   5024      1
746      1   5751   5750      1
755   4491   5777   1286      1
844   5505   9335   3830      1
908   6220   7843   1623      1
922   6597   9335   2738      1
938   7206   7806    600      1
948   7461   9335   1874      1
1      1   5183   5183      0
2   2562   5982   3421      0
3   2571   8597   6027      0
5   2577   9335   6759      0
6   2578   9335   6758      0
7      1   8871   8871      0
9   2593   9335   6743      0
10   2606   9335   6730      0
11   2610   5623   3014      0
13   8728   9335    608      0
14   2625   5622   2998      0
15   2630   9335   6706      0
16      1   2930   2930      0
17   2640   8729   6090      0
18      1   6036   6036      0
22      1   9335   9335      0
23   2681   4641   1961      0
25      1   6140   6140      0
28   2730   5049   2320      0
31      1   5664   5664      0
33      1   9335   9335      0
35   3104   5079   1976      0
38   3154   9335   6182      0
39      1   1223   1223      0
40      1   5781   5781      0
41      1   2537   2537      0
42      1   9335   9335      0
44      1   6278   6278      0
45   2886   9335   6450      0
46      1   9335   9335      0
47   2894   8323   5430      0
50   2906   5658   2753      0
51   2907   6138   3232      0
52   2907   7383   4477      0
53   2925   9335   6411      0
54   2936   9335   6400      0
55      1   7616   7616      0
56      1   9335   9335      0
57      1   9335   9335      0
58      1   9096   9096      0
59      1   9335   9335      0
60      1   9335   9335      0
62   3141   9335   6195      0
63   3143   6038   2896      0
64   3175   7855   4681      0
68      1   9335   9335      0
69   3164   9335   6172      0
70   3189   9191   6003      0
72   3195   4754   1560      0
73      1   9228   9228      0
75   3238   7315   4078      0
76   3250   8764   5515      0
78      1   6556   6556      0
79   8805   9335    531      0
81   8836   9182    347      0
85      1   6267   6267      0
86      1   9335   9335      0
88      1   9335   9335      0
89      1   1197   1197      0
90      1   9335   9335      0
91   8960   9335    376      0
92   8960   9335    376      0
93      1   2662   2662      0
94      1   9335   9335      0
95      1   7488   7488      0
96   9057   9335    279      0
97      1   7636   7636      0
98   9087   9335    249      0
99   9080   9335    256      0
101   9276   9335     60      0
102      1    130    130      0
103   6929   9335   2407      0
105      1   9335   9335      0
106      1   1607   1607      0
107      1   7859   7859      0
108      1   9335   9335      0
110      1   9335   9335      0
111      1   9335   9335      0
112   1887   9335   7449      0
115      1   9335   9335      0
116      1   7379   7379      0
117   1130   8074   6945      0
118      1   2385   2385      0
120   1146   2241   1096      0
121      1   9335   9335      0
122   1252   9335   8084      0
123   1813   3382   1570      0
124      1   9277   9277      0
125      1   9335   9335      0
127      1   7475   7475      0
128      1   2460   2460      0
129      1   9335   9335      0
130      1   8331   8331      0
131      1   9335   9335      0
133      1   9335   9335      0
134      1   6343   6343      0
135      1   8528   8528      0
136      1   2789   2789      0
138      1   5841   5841      0
139      1   6044   6044      0
141      1   2610   2610      0
142      1   3292   3292      0
143      1   7511   7511      0
144      1   9335   9335      0
145      1   9335   9335      0
146      1   2359   2359      0
147      1   9335   9335      0
148      1   9335   9335      0
149      1   9335   9335      0
153      1   6002   6002      0
154      1   2926   2926      0
156      1   9335   9335      0
159      1   9335   9335      0
160      1   9335   9335      0
162      1   5659   5659      0
164      1   5881   5881      0
165      1   9335   9335      0
166      1   6045   6045      0
167      1   6890   6890      0
168      1   9335   9335      0
169      1   9335   9335      0
170      1   9335   9335      0
172      1   3120   3120      0
173      1   6805   6805      0
175      1   2815   2815      0
180      1   9335   9335      0
181      1   9335   9335      0
183      1   9335   9335      0
184      1   3973   3973      0
185      1   5814   5814      0
186      1   9335   9335      0
188      1   6779   6779      0
191      1   6585   6585      0
192   2012   4012   2001      0
193    660   9335   8676      0
194      1   9335   9335      0
195      1   8629   8629      0
198      1   5498   5498      0
201      1   2588   2588      0
202      1   9335   9335      0
204      1   5031   5031      0
205      1   2716   2716      0
207      1   6192   6192      0
208      1   9087   9087      0
209      1   9335   9335      0
211      1   9335   9335      0
213   1920   9335   7416      0
214      1   6184   6184      0
216      1   6019   6019      0
218      1   9335   9335      0
219      1   9335   9335      0
220      1   6085   6085      0
221      1   9335   9335      0
222      1   9335   9335      0
224      1   5426   5426      0
225      1   9335   9335      0
226      1   8305   8305      0
227      1   9335   9335      0
228      1   1263   1263      0
229      1   6298   6298      0
230      1   9335   9335      0
231      1   9335   9335      0
232      1   9335   9335      0
233      1   3470   3470      0
234      1   9335   9335      0
235      1   9335   9335      0
236      1   9061   9061      0
237      1   7636   7636      0
238      1   9335   9335      0
239      1   1643   1643      0
240      1   9335   9335      0
241      1   9335   9335      0
242      1   9211   9211      0
247      1   4777   4777      0
248      1   6122   6122      0
249      1   9335   9335      0
251      1   9335   9335      0
252      1   9335   9335      0
253      1   9335   9335      0
255      1   9335   9335      0
257      1   9335   9335      0
259      1   8255   8255      0
260      1   9335   9335      0
261      1   2369   2369      0
262      1   6587   6587      0
263      1   9335   9335      0
264      1   9133   9133      0
265      1   9335   9335      0
266      1   9335   9335      0
267      1   7988   7988      0
268      1   2609   2609      0
269      1   6466   6466      0
270      1   8020   8020      0
272      1   1763   1763      0
273      1   9335   9335      0
274      1   5981   5981      0
275      1   2082   2082      0
279      1   9335   9335      0
280      1   5244   5244      0
281      1   8541   8541      0
283      1   2335   2335      0
284      1   9335   9335      0
286      1   9335   9335      0
287      1   9335   9335      0
288   1948   9335   7388      0
290      1   9335   9335      0
291      1   9335   9335      0
292      1   4782   4782      0
293      1   1688   1688      0
295      1   7727   7727      0
296      1   9335   9335      0
300   2143   7108   4966      0
301      1   8937   8937      0
302      1   3429   3429      0
303      1   6509   6509      0
304      1   8032   8032      0
305      1   5296   5296      0
306      1   8210   8210      0
307      1   3427   3427      0
309      1   5456   5456      0
310      1   9335   9335      0
311      1   3277   3277      0
313      1   3793   3793      0
314   1792   4739   2948      0
315      1   3136   3136      0
316      1   5943   5943      0
317      1   9335   9335      0
318      1   9335   9335      0
319      1   3111   3111      0
320      1   9335   9335      0
321      1   9335   9335      0
323      1   4003   4003      0
324      1   9335   9335      0
325      1   9335   9335      0
327      1   9335   9335      0
329      1   3410   3410      0
330      1   9335   9335      0
331      1   9335   9335      0
333      1   9335   9335      0
335      1   9335   9335      0
336      1   6554   6554      0
337      1   9335   9335      0
338      1   9335   9335      0
339      1   2973   2973      0
344      1   5460   5460      0
346      1   8334   8334      0
347      1   8154   8154      0
348      1   9335   9335      0
349   1157   5733   4577      0
351      1   5692   5692      0
352      1   4680   4680      0
354      1   9335   9335      0
357   2021   9335   7315      0
358      1   5998   5998      0
360      1   5514   5514      0
361      1   9335   9335      0
363      1   4929   4929      0
365      1   9335   9335      0
369      1   9335   9335      0
370      1   2456   2456      0
372      1   3318   3318      0
373      1   9335   9335      0
377      1   9335   9335      0
378      1   9335   9335      0
379      1   9335   9335      0
382      1   8619   8619      0
384      1   3141   3141      0
385      1   3841   3841      0
386      1   9335   9335      0
388      1   8132   8132      0
390      1   9335   9335      0
391      1   3940   3940      0
392      1   3037   3037      0
393      1   9335   9335      0
394      1   9335   9335      0
395      1   4824   4824      0
396      1   9335   9335      0
397      1   9335   9335      0
398      1   4536   4536      0
403      1   9335   9335      0
404      1   9335   9335      0
406      1   9335   9335      0
407      1   6485   6485      0
408      1   9335   9335      0
409      1   9335   9335      0
411      1    941    941      0
412      1   9335   9335      0
413      1   3755   3755      0
414      1   6043   6043      0
415      1   2683   2683      0
416      1   2902   2902      0
417      1   9335   9335      0
419      1   9335   9335      0
420   1897   6700   4804      0
421      1   5622   5622      0
422      1   5673   5673      0
423      1   6489   6489      0
424      1   9335   9335      0
425      1   5459   5459      0
427      1   9335   9335      0
429   1331   7804   6474      0
430      1   9335   9335      0
433   1469   9335   7867      0
434      1   9335   9335      0
435      1   6539   6539      0
436      1   8506   8506      0
438      1   7611   7611      0
440      1   6339   6339      0
441      1   9335   9335      0
442      1   3468   3468      0
443      1   9335   9335      0
444      1   9335   9335      0
445      1   9335   9335      0
447      1   9335   9335      0
448   1207   9335   8129      0
449      1   9335   9335      0
451      1   4343   4343      0
452      1   5755   5755      0
453      1   3636   3636      0
455      1   6880   6880      0
456      1   9335   9335      0
458      1   4940   4940      0
462   1863   9335   7473      0
463      1   9071   9071      0
464      1   7636   7636      0
465   2110   9335   7226      0
466      1   9335   9335      0
467      1   8288   8288      0
468      1   2271   2271      0
470      1   9335   9335      0
471      1   9335   9335      0
472      1   9335   9335      0
474   2074   2648    575      0
475      1   9335   9335      0
476      1   9335   9335      0
477      1   5497   5497      0
478   1374   9335   7962      0
479      1   9335   9335      0
480      1   5773   5773      0
481   1964   4931   2968      0
485   1918   3731   1814      0
486      1   3073   3073      0
488    811   8818   8008      0
489      1   9335   9335      0
492      1   9017   9017      0
493      1   3338   3338      0
494      1   7927   7927      0
497      1   6002   6002      0
500      1   9335   9335      0
501      1   2444   2444      0
502      1   9335   9335      0
503      1   8329   8329      0
505      1   9335   9335      0
507      1   5474   5474      0
508   2129   9335   7207      0
512      1   9335   9335      0
513      1   9335   9335      0
514      1   9335   9335      0
515      1   9335   9335      0
516      1   9335   9335      0
517      1   3076   3076      0
518      1   7950   7950      0
520      1   9335   9335      0
521      1   6010   6010      0
522   1244   9335   8092      0
525      1   9335   9335      0
526      1   5842   5842      0
529      1   4885   4885      0
530      1   8337   8337      0
531      1   9335   9335      0
532      1   5750   5750      0
533     99   9335   9237      0
534      1   3441   3441      0
535      1   7111   7111      0
537      1   8299   8299      0
541      1   9335   9335      0
544      1   9335   9335      0
546      1   9335   9335      0
549      1   9335   9335      0
550    576   9335   8760      0
551      1   9335   9335      0
552      1   3057   3057      0
553      1   9335   9335      0
554    574   7461   6888      0
555      1   9335   9335      0
556      1   9335   9335      0
557      1   9335   9335      0
558      1   6295   6295      0
559      1   6492   6492      0
560   1012   5456   4445      0
563      1   9335   9335      0
564      1   9273   9273      0
565      1   9335   9335      0
568   1365   7684   6320      0
570      1   6003   6003      0
571      1   9335   9335      0
572   1406   2449   1044      0
577      1   9165   9165      0
578      1   9335   9335      0
580   1055   4780   3726      0
581      1   9335   9335      0
585   1880   6438   4559      0
586   1876   9335   7460      0
588      1   7194   7194      0
589   2056   6008   3953      0
590   2056   9335   7280      0
591   2056   7825   5770      0
593   2056   5466   3411      0
594   2056   5370   3315      0
595   2056   9335   7280      0
597   1447   9335   7889      0
602   2322   9335   7014      0
603   2376   9335   6960      0
604   2455   4940   2486      0
605   2485   8180   5696      0
606   2009   6651   4643      0
608   2528   5461   2934      0
609    282   9335   9054      0
611   1031   3292   2262      0
612   2584   9335   6752      0
616   2650   8050   5401      0
618   2702   9335   6634      0
619   2719   9335   6617      0
620   2758   3584    827      0
621   2755   9335   6581      0
622   2738   9335   6598      0
623   2840   5414   2575      0
625    865   7830   6966      0
626    586   9335   8750      0
628   2860   9335   6476      0
629   2877   5290   2414      0
632   2867   9335   6469      0
634   2964   9335   6372      0
635   2750   9335   6586      0
636   3028   9335   6308      0
637   1952   3707   1756      0
638   1147   9335   8189      0
639   3051   7274   4224      0
641   3139   6422   3284      0
642   3127   9335   6209      0
643   3165   7636   4472      0
644   3249   8957   5709      0
646   3246   5852   2607      0
647   3300   8070   4771      0
648   3304   6255   2952      0
649   3369   9335   5967      0
650   3355   6002   2648      0
651   2684   9335   6652      0
652   3139   9335   6197      0
653   3097   9335   6239      0
654   3393   9335   5943      0
655   3401   6489   3089      0
656   3408   9335   5928      0
657   3391   7614   4224      0
658   3431   9335   5905      0
659   3424   5931   2508      0
660   3321   4849   1529      0
662   3461   5422   1962      0
663   3479   9335   5857      0
664   3469   9335   5867      0
665   3509   8013   4505      0
666   3525   9335   5811      0
667   3556   9335   5780      0
668   3426   5498   2073      0
669   3573   9335   5763      0
670   3573   8383   4811      0
671   3567   9143   5577      0
672   3587   6233   2647      0
673   2079   8648   6570      0
674   3630   4844   1215      0
675   3652   9335   5684      0
677   3714   4044    331      0
678   3757   5862   2106      0
679      1    730    730      0
680   3818   9335   5518      0
681   3855   9335   5481      0
682   3855   9335   5481      0
683   3859   8005   4147      0
684   3866   9335   5470      0
685   3871   9335   5465      0
686   3872   9031   5160      0
687   3887   9335   5449      0
688   1924   9335   7412      0
689   3880   9335   5456      0
691   3881   7940   4060      0
692   3888   9335   5448      0
693   3904   9335   5432      0
695   3939   4959   1021      0
696   3939   5728   1790      0
697   3925   8796   4872      0
699   3856   6391   2536      0
700   4000   7592   3593      0
701   3995   8071   4077      0
704   4018   4805    788      0
705   4020   9335   5316      0
707   4034   9335   5302      0
708   4036   6114   2079      0
709   4036   9335   5300      0
711   4064   7477   3414      0
712   4076   9335   5260      0
713   4100   9335   5236      0
714   4104   5945   1842      0
715   4120   9335   5216      0
716   4129   6443   2315      0
717   4115   8008   3894      0
719   4142   9335   5194      0
720   4142   9335   5194      0
721   4145   4424    280      0
722   4154   9335   5182      0
723   4156   9335   5180      0
724   4163   6995   2833      0
725   2376   7567   5192      0
726      1   9335   9335      0
727   4174   9335   5162      0
729   4203   5569   1367      0
730   4215   5492   1278      0
731   4239   8872   4634      0
732   4289   9335   5047      0
735   4324   9335   5012      0
736   4331   9335   5005      0
737   4321   9335   5015      0
738   4335   5413   1079      0
739   4348   9335   4988      0
740   4358   5309    952      0
741   4367   9335   4969      0
742   4381   9335   4955      0
743   4370   9335   4966      0
745   4402   9335   4934      0
748   4418   9335   4918      0
749   4409   6383   1975      0
750   1492   9335   7844      0
751   4424   5982   1559      0
752   4446   6837   2392      0
753   4455   9335   4881      0
754   4484   9335   4852      0
756   4502   5905   1404      0
757   4522   9335   4814      0
758   4519   9335   4817      0
759   4517   4852    336      0
760   4536   8024   3489      0
761   4537   7448   2912      0
762   4531   9335   4805      0
763   4554   9335   4782      0
764   4592   9335   4744      0
765   4614   9335   4722      0
766   4600   9335   4736      0
767   4613   6873   2261      0
768   4624   9335   4712      0
769   4619   7928   3310      0
770   4629   7003   2375      0
771   4644   5934   1291      0
772   1927   6852   4926      0
773   4663   9335   4673      0
774   4673   6033   1361      0
775   4738   8605   3868      0
776   4784   9335   4552      0
777   4789   9335   4547      0
778   4826   7306   2481      0
779   4835   6534   1700      0
780   4840   7879   3040      0
781   4854   7928   3075      0
782   4869   9335   4467      0
783   4876   5998   1123      0
785   4905   5210    306      0
786   4923   9335   4413      0
787   4939   6298   1360      0
788   4938   9335   4398      0
789   4942   9335   4394      0
790   4969   9335   4367      0
791   5001   9335   4335      0
792   5015   9335   4321      0
793   5001   6201   1201      0
794   5015   6497   1483      0
795   5018   9335   4318      0
796   5030   9335   4306      0
797   5021   9335   4315      0
798   5030   9335   4306      0
799   5028   9335   4308      0
800   5026   9335   4310      0
801   5018   6129   1112      0
802   5028   9335   4308      0
803   5042   9335   4294      0
804   5097   9335   4239      0
805   5123   7805   2683      0
806   5123   9335   4213      0
807   5131   9335   4205      0
808   5128   9335   4208      0
809   5146   6299   1154      0
810   5162   9335   4174      0
811   5170   8807   3638      0
812   5168   8240   3073      0
813      1   9335   9335      0
815   5182   7594   2413      0
816   5165   9335   4171      0
818   5216   9335   4120      0
819   5244   9335   4092      0
821   5271   6351   1081      0
822   5271   8618   3348      0
823   5267   5783    517      0
824   5255   7886   2632      0
825   5281   8697   3417      0
826   5288   9335   4048      0
827   5270   9335   4066      0
828   5319   9335   4017      0
829   5298   9335   4038      0
830   5337   9335   3999      0
831   5370   9335   3966      0
832   5414   7715   2302      0
833   5431   8895   3465      0
834   2270   5464   3195      0
835   5423   9335   3913      0
836   5424   7511   2088      0
837   5421   8052   2632      0
838   5463   9335   3873      0
839   5465   9335   3871      0
840   5495   6042    548      0
841   5504   9335   3832      0
842   5500   7070   1571      0
843   5515   9335   3821      0
845   5500   9335   3836      0
846   5539   9335   3797      0
847   2401   9335   6935      0
848   5583   9335   3753      0
849   5592   9335   3744      0
850   2411   6325   3915      0
851   5616   6499    884      0
852   2351   9335   6985      0
853   5636   9335   3700      0
854   5658   9335   3678      0
855   5653   6257    605      0
856   5655   9335   3681      0
857   4046   9335   5290      0
858   5670   9335   3666      0
859   5688   9335   3648      0
860   5668   9335   3668      0
861   5686   9335   3650      0
862   5680   9335   3656      0
863   5684   8872   3189      0
864   5706   9335   3630      0
865   2382   3896   1515      0
867   5718   9335   3618      0
868   5713   7258   1546      0
869   5716   9335   3620      0
870   5721   9335   3615      0
871   5781   7376   1596      0
872   5815   6755    941      0
873   5809   6877   1069      0
874   5829   9335   3507      0
875   5838   9335   3498      0
876   5876   8619   2744      0
877   5897   9335   3439      0
878   5887   7481   1595      0
879   5899   9335   3437      0
880   5905   9335   3431      0
881   5928   9335   3408      0
882   5921   9335   3415      0
883   5931   7011   1081      0
884   5936   9335   3400      0
886   2506   9335   6830      0
887   2380   6046   3667      0
888   4883   9335   4453      0
889   5973   9335   3363      0
890   5968   9335   3368      0
891   6029   8802   2774      0
892   6024   9335   3312      0
893   6038   9335   3298      0
894   6032   9335   3304      0
895   6131   9335   3205      0
896   6119   9335   3217      0
897   6109   8705   2597      0
898   2512   9335   6824      0
901   6158   9335   3178      0
902   6161   9335   3175      0
904   6186   7026    841      0
905   6180   9335   3156      0
906   5676   6180    505      0
907   6221   9335   3115      0
909   6305   9335   3031      0
910   6309   9335   3027      0
911   6315   9335   3021      0
912   6346   9335   2990      0
913   6367   9335   2969      0
914   6402   9325   2924      0
915   6449   7276    828      0
916   6433   9335   2903      0
917   6432   9335   2904      0
918   6445   9335   2891      0
919   6466   9335   2870      0
920   6522   9335   2814      0
921   6532   9335   2804      0
923   6666   9335   2670      0
924   6676   9335   2660      0
925   6692   9335   2644      0
926   6791   9335   2545      0
927   6823   7310    488      0
928   6806   9335   2530      0
929   6979   9147   2169      0
930   5786   9335   3550      0
931   7027   7959    933      0
932   7050   7958    909      0
933   7066   9335   2270      0
934   7059   7394    336      0
935   7079   9335   2257      0
936   7155   9335   2181      0
937   7196   9335   2140      0
939   7207   7616    410      0
940   7230   9335   2106      0
942   7276   9335   2060      0
943   7314   9335   2022      0
944   2460   9335   6876      0
945   2288   8913   6626      0
946   2361   7456   5096      0
947   7444   9335   1892      0
949   7475   9335   1861      0
950   7477   9335   1859      0
951   7549   9335   1787      0
952   7545   9335   1791      0
953   7564   9335   1772      0
954   7620   9335   1716      0
955   7675   9335   1661      0
956   2420   7594   5175      0
957   7721   7891    171      0
958   7798   9335   1538      0
959   7787   9329   1543      0
960   7935   9335   1401      0
961   7967   9335   1369      0
962   8099   9335   1237      0
963   8131   9335   1205      0
964   8165   9335   1171      0
965   2225   9335   7111      0
966   8167   9335   1169      0
967   8358   9335    978      0
968   8568   9335    768      0
969   8577   9335    759      0
970   8707   9335    629      0
